7 1 354 371 
7 2 574 593 
7 3 244 257 
7 5 110 139 
7 7 268 279 
7 8 632 657 
7 9 612 619 
7 10 506 529 
7 11 622 625 
7 13 302 315 
7 15 538 561 
7 17 180 199 
5 1 506 531 
5 2 444 463 
5 3 434 439 
5 5 536 561 
5 7 44 63 
5 9 10 31 
5 10 276 281 
5 13 418 425 
5 17 482 495 
3 1 346 369 
3 2 198 219 
3 3 12 37 
3 5 488 507 
3 7 256 281 
3 8 318 337 
3 9 126 155 
3 10 432 449 
3 11 306 317 
3 13 458 481 
3 14 228 245 
3 15 518 533 
3 17 44 59 
6 1 522 543 
6 2 464 489 
6 3 354 367 
6 5 38 51 
6 7 68 87 
6 8 492 517 
6 10 196 215 
6 11 296 319 
6 14 434 453 
6 15 372 387 
6 17 216 253 
9 1 176 199 
9 2 92 109 
9 3 230 247 
9 4 464 483 
9 5 502 515 
9 7 528 547 
9 8 590 617 
9 9 46 63 
9 10 342 361 
9 11 146 171 
9 13 254 277 
9 14 298 309 
9 15 446 463 
9 17 400 429 
10 1 100 123 
10 2 12 33 
10 3 358 377 
10 5 434 437 
10 7 444 461 
10 8 514 541 
10 10 268 281 
10 11 74 99 
10 13 180 197 
10 14 400 425 
10 15 252 265 
10 17 324 355 
4 1 342 367 
4 2 196 217 
4 5 486 507 
4 7 254 277 
4 8 316 337 
4 9 128 151 
4 10 430 447 
4 11 536 543 
4 13 456 479 
4 14 96 109 
4 15 16 27 
4 17 44 57 
1 1 388 405 
1 2 62 79 
1 3 10 25 
1 4 126 145 
1 5 156 177 
1 7 498 519 
1 8 376 387 
1 9 246 261 
1 10 414 431 
1 11 304 321 
1 13 328 345 
1 14 90 113 
1 15 272 295 
1 17 186 205 
8 1 262 279 
8 2 480 497 
8 3 238 249 
8 4 566 569 
8 5 568 573 
8 7 176 187 
8 8 542 559 
8 9 290 307 
8 10 412 437 
8 11 508 531 
8 13 578 581 
8 14 318 343 
8 15 448 467 
8 17 88 113 
2 1 394 411 
2 2 70 87 
2 3 16 31 
2 4 130 147 
2 5 162 185 
2 7 506 527 
2 8 362 393 
2 9 252 269 
2 10 420 439 
2 11 310 327 
2 13 112 125 
2 15 280 301 
2 17 194 211 
